11 43
11 48
11 30
1 41
1 11
1 43
1 15
1 16
1 48
15 34
15 35
15 38
15 39
15 41
15 44
15 17
15 51
15 53
15 25
16 41
16 46
16 19
16 56
16 25
16 60
41 53
43 48
43 51
18 32
18 58
18 23
18 26
18 28
2 37
2 42
2 18
2 20
2 55
2 27
2 28
2 29
20 55
20 31
27 28
29 48
29 31
37 38
37 40
37 41
37 60
42 55
42 58
55 58
3 43
3 11
3 45
3 62
9 38
9 46
9 21
9 60
9 29
4 9
4 60
4 15
52 56
5 52
10 33
10 42
10 14
10 18
10 58
6 57
6 10
6 58
6 14
14 33
14 42
14 18
14 55
14 58
7 10
7 14
7 18
7 55
7 57
7 58
8 41
8 20
8 55
8 28
8 31
31 43
31 48
21 37
21 39
21 45
21 48
21 51
21 29
38 41
38 44
38 46
38 62
46 51
46 52
46 60
33 61
30 36
30 44
30 46
30 52
30 53
12 52
34 35
34 38
34 39
34 41
34 44
34 51
13 34
17 34
17 38
17 39
17 51
17 21
25 46
25 52
25 30
35 38
35 45
35 50
39 44
39 45
39 53
39 59
44 47
44 54
51 52
19 46
19 52
19 21
19 22
19 25
19 30
26 27
26 28
22 34
22 38
22 46
22 52
22 30
24 52
24 37
24 46
40 58
47 50
54 62
49 58
